500
2
2000
2
50105040503060206010105060202020306010501040206020305040305010401010604020405050206040506050603040
(((0, 1), (1, 1)), 169, 149.1676528599605)
(((1, 0), (1, 1)), 214, 161.00000000000003)
(((1, 4), (2, 4)), 279, 172.61819423109748)
(((1, 4), (1, 5)), 232, 164.6465517241379)
(((2, 4), (2, 5)), 199, 157.71428571428584)
(((3, 0), (4, 0)), 165, 148.09696969696978)
(((3, 0), (3, 1)), 234, 165.2535612535612)
(((4, 1), (5, 1)), 371, 188.20395327942504)
(((4, 2), (4, 3)), 137, 137.47445255474457)
