500
2
2000
2
10204040206030105010306010403010202060303010604010501030504050302030504040103030606050206050102040
(((0, 4), (0, 5)), 76, 148.18421052631575)
(((1, 1), (2, 1)), 76, 147.47368421052633)
(((2, 0), (3, 0)), 849, 364.3801951876156)
(((2, 0), (2, 1)), 98, 167.08843537414953)
(((3, 1), (3, 2)), 352, 230.77272727272722)
(((3, 5), (3, 6)), 87, 158.71264367816084)
(((4, 4), (5, 4)), 145, 190.9287356321839)
(((4, 5), (5, 5)), 204, 207.94771241830065)
(((4, 5), (4, 6)), 113, 175.5457227138643)
