500
2
2000
2
10202060206020201020603050403010301020306040503040503010403050301020402060504060104050604020506030
(((0, 0), (1, 0)), 98, 161.48979591836738)
(((0, 0), (0, 1)), 97, 160.48109965635737)
(((0, 1), (1, 1)), 108, 167.64814814814824)
(((0, 3), (0, 4)), 84, 150.19047619047618)
(((1, 4), (1, 5)), 172, 195.36821705426362)
(((3, 1), (3, 2)), 167, 193.9424009124608)
(((3, 2), (4, 2)), 1074, 262.53907658656294)
(((4, 1), (4, 2)), 94, 158.10638297872345)
(((4, 2), (4, 3)), 106, 166.8301886792453)
