500
2
2000
2
60503040105020502010603060604020604040604040106060401020302040306040201030102020303010402020501040
(((1, 2), (1, 3)), 235, 185.46099290780143)
(((1, 3), (1, 4)), 132, 155.46969696969697)
(((2, 2), (2, 3)), 150, 163.2133333333333)
(((2, 5), (2, 6)), 149, 162.81879194630866)
(((3, 1), (4, 1)), 162, 167.00000000000006)
(((3, 4), (4, 4)), 177, 172.07909604519764)
(((4, 4), (4, 5)), 370, 203.8036036036037)
(((5, 2), (6, 2)), 178, 172.26966292134838)
(((5, 4), (6, 4)), 447, 213.5072973260893)
