500
2
2000
2
60101020306030306030105030401040104030502060206010602040305020105040601030602050506050302040105010
(((0, 3), (1, 3)), 251, 186.29349269588315)
(((0, 5), (1, 5)), 180, 170.14999999999998)
(((1, 2), (1, 3)), 115, 144.71304347826091)
(((1, 3), (2, 3)), 115, 144.59130434782614)
(((1, 4), (1, 5)), 331, 197.53675730110783)
(((2, 2), (2, 3)), 443, 207.78028592927015)
(((4, 0), (4, 1)), 135, 154.62962962962965)
(((4, 4), (4, 5)), 200, 191.97166666666664)
(((5, 2), (5, 3)), 230, 182.46521739130432)
