500
2
2000
2
50504030304030501040306010604040601060404020203030401050105040206020203020503020603040604030203010
(((0, 5), (0, 6)), 13, 299.1025641025641)
(((1, 2), (2, 2)), 9, 221.85185185185185)
(((2, 1), (2, 2)), 10, 253.83333333333334)
(((2, 3), (3, 3)), 7, 184.7619047619048)
(((2, 4), (3, 4)), 19, 347.89473684210526)
(((3, 3), (4, 3)), 7, 167.61904761904765)
(((3, 4), (4, 4)), 1858, 986.2914680403949)
(((4, 3), (4, 4)), 7, 190.95238095238096)
(((4, 4), (5, 4)), 11, 261.21212121212125)
(((4, 4), (4, 5)), 59, 468.6666666666667)
