500
2
2000
2
40301040604010604040301010406050101040205010502030605060504010105040605030304010404040202030502030
(((0, 0), (1, 0)), 130, 222.48461538461532)
(((0, 3), (1, 3)), 79, 188.8860759493671)
(((1, 3), (2, 3)), 468, 280.08435083435074)
(((1, 4), (2, 4)), 68, 176.63235294117646)
(((3, 0), (3, 1)), 109, 211.44036697247705)
(((4, 0), (4, 1)), 108, 211.15740740740748)
(((4, 4), (5, 4)), 61, 166.88524590163934)
(((5, 3), (6, 3)), 102, 207.49019607843138)
(((5, 3), (5, 4)), 875, 297.54269387755056)
