500
2
2000
2
40405010604030401050302030606030201020302040203040402010106050104020405020101020403050501020603010
(((0, 5), (0, 6)), 23, 181.1594202898551)
(((2, 0), (3, 0)), 27, 199.44444444444446)
(((2, 3), (3, 3)), 17, 139.99999999999997)
(((2, 4), (2, 5)), 1738, 584.912881071109)
(((2, 5), (3, 5)), 18, 142.22222222222223)
(((2, 5), (2, 6)), 39, 237.7948717948718)
(((3, 4), (3, 5)), 23, 181.7391304347826)
(((4, 2), (4, 3)), 48, 258.0208333333335)
(((4, 5), (5, 5)), 27, 200.4814814814815)
(((5, 4), (5, 5)), 40, 241.84999999999997)
