500
2
2000
2
60101030504050302010204030404040601050301040106050301060601040303010606060506020401010603050302050
(((0, 5), (1, 5)), 53, 173.90566037735843)
(((2, 2), (2, 3)), 52, 172.8846153846154)
(((2, 4), (2, 5)), 43, 153.53488372093022)
(((2, 5), (2, 6)), 103, 224.34211742949614)
(((3, 4), (3, 5)), 1457, 604.2835517643371)
(((4, 0), (4, 1)), 47, 162.68085106382978)
(((5, 2), (5, 3)), 88, 214.42045454545453)
(((5, 4), (6, 4)), 63, 188.95238095238096)
(((5, 5), (5, 6)), 94, 218.82978723404258)
