500
2
2000
2
20606050103040402020403020101030404050501020405030402060401010205060201030301030502030404020301030
(((0, 0), (1, 0)), 57, 192.6315789473684)
(((2, 1), (3, 1)), 70, 209.14285714285714)
(((2, 4), (3, 4)), 69, 209.18840579710144)
(((3, 3), (3, 4)), 1381, 438.0410158270408)
(((3, 5), (3, 6)), 56, 192.64285714285717)
(((4, 0), (5, 0)), 42, 164.66666666666666)
(((4, 3), (5, 3)), 49, 180.40816326530611)
(((5, 0), (6, 0)), 104, 238.3846153846154)
(((5, 3), (5, 4)), 172, 266.70930232558163)
