500
2
2000
2
30603050405060203050604060306050306030205060401050106040304030606050304010306030302010501040304020
(((0, 1), (1, 1)), 79, 180.16455696202533)
(((1, 1), (1, 2)), 1215, 472.54001567705245)
(((2, 2), (3, 2)), 70, 170.9142857142857)
(((2, 3), (3, 3)), 113, 204.63716814159292)
(((3, 3), (4, 3)), 50, 141.72000000000006)
(((3, 5), (4, 5)), 66, 166.9090909090909)
(((5, 0), (5, 1)), 113, 204.87610619469027)
(((5, 1), (6, 1)), 90, 189.6555555555555)
(((5, 2), (5, 3)), 204, 236.2843137254902)
