500
2
2000
2
20603050503050601030201040603050602050606060206010604050506020401010606040101030206040204050303020
(((0, 5), (0, 6)), 6, 141.66666666666666)
(((2, 4), (3, 4)), 6, 145.0)
(((3, 1), (4, 1)), 6, 136.66666666666666)
(((3, 3), (4, 3)), 6, 142.22222222222226)
(((4, 0), (4, 1)), 6, 158.33333333333334)
(((4, 1), (4, 2)), 7, 164.28571428571428)
(((4, 3), (5, 3)), 7, 171.90476190476193)
(((4, 3), (4, 4)), 1943, 781.7195590193512)
(((4, 4), (5, 4)), 6, 144.0)
(((5, 1), (6, 1)), 7, 165.71428571428572)
