500
2
2000
2
10404050602040605030204060301060405060501020406040304040306010603050503030604010104020302010604050
(((1, 4), (1, 5)), 1490, 550.4591829125394)
(((2, 2), (3, 2)), 47, 173.76595744680853)
(((3, 1), (3, 2)), 68, 203.97058823529412)
(((3, 2), (4, 2)), 42, 162.80952380952382)
(((3, 3), (3, 4)), 37, 149.75675675675674)
(((4, 0), (4, 1)), 43, 164.97674418604652)
(((4, 1), (4, 2)), 64, 199.734375)
(((4, 2), (5, 2)), 56, 188.57142857142858)
(((4, 2), (4, 3)), 64, 199.3125)
(((5, 3), (6, 3)), 89, 223.4494382022472)
