500
2
2000
2
20203040105040306040102020102010601030305050305020504060305030403060203050402030205060604020205060
(((0, 3), (0, 4)), 81, 194.22222222222223)
(((2, 4), (3, 4)), 74, 188.2162162162162)
(((3, 0), (3, 1)), 77, 190.41558441558442)
(((3, 1), (4, 1)), 150, 233.17333333333335)
(((3, 1), (3, 2)), 59, 168.7966101694915)
(((3, 3), (4, 3)), 1296, 352.00504605134205)
(((4, 2), (4, 3)), 110, 214.70909090909092)
(((5, 4), (6, 4)), 71, 184.64788732394365)
(((5, 5), (6, 5)), 82, 194.93902439024387)
