500
2
2000
2
60105050603020204060301030304020502010505010205060202060101030506040403060304040505050301020304060
(((0, 2), (1, 2)), 114, 174.9649122807017)
(((1, 0), (1, 1)), 98, 164.1020408163266)
(((1, 3), (1, 4)), 87, 156.21839080459768)
(((2, 3), (3, 3)), 188, 202.38297872340434)
(((4, 2), (4, 3)), 100, 166.28)
(((4, 4), (5, 4)), 86, 154.9767441860465)
(((4, 5), (5, 5)), 113, 174.2389380530973)
(((5, 1), (6, 1)), 98, 164.74489795918365)
(((5, 4), (5, 5)), 176, 199.31628787878788)
(((5, 5), (6, 5)), 940, 276.57239108409294)
