500
2
2000
2
50506060405030106030602020504020603050203010305010104010601060503050604020401060105020501010305040
(((0, 1), (1, 1)), 170, 164.70588235294125)
(((0, 2), (1, 2)), 148, 157.09009009009006)
(((1, 1), (1, 2)), 283, 188.5034494363117)
(((1, 2), (2, 2)), 123, 146.1626016260163)
(((1, 2), (1, 3)), 154, 158.94557823129256)
(((2, 2), (2, 3)), 206, 174.39805825242718)
(((3, 3), (4, 3)), 183, 168.03278688524594)
(((3, 5), (3, 6)), 506, 209.05194805194805)
(((5, 5), (5, 6)), 227, 178.83553597650513)
