500
2
2000
2
60501060502050501060205010203010405030305030502030401040102020606050101010302050606050104040601040
(((0, 1), (0, 2)), 18, 168.51851851851853)
(((2, 3), (3, 3)), 21, 185.7936507936508)
(((2, 3), (2, 4)), 30, 231.13333333333333)
(((4, 0), (4, 1)), 29, 227.68965517241378)
(((4, 3), (5, 3)), 18, 163.98148148148147)
(((4, 4), (5, 4)), 24, 204.58333333333334)
(((4, 5), (5, 5)), 17, 160.0)
(((5, 2), (5, 3)), 22, 192.5)
(((5, 4), (6, 4)), 1797, 606.4874570492269)
(((5, 4), (5, 5)), 24, 204.75)
