500
2
2000
2
10203020102050205010105020104020406010105040502050406020103050103020303020502060405030301030201020
(((0, 4), (1, 4)), 49, 176.14965986394554)
(((1, 0), (1, 1)), 46, 170.8695652173913)
(((1, 3), (2, 3)), 54, 185.22222222222223)
(((1, 3), (1, 4)), 59, 192.8135593220339)
(((1, 4), (2, 4)), 37, 149.45945945945945)
(((3, 1), (3, 2)), 60, 193.7166666666667)
(((3, 2), (4, 2)), 58, 190.10919540229884)
(((3, 2), (3, 3)), 64, 197.625)
(((4, 0), (4, 1)), 62, 196.25806451612905)
(((5, 0), (5, 1)), 1511, 599.816630424507)
