500
2
2000
2
60103010305060402050102010304060203030404050306050203020503040106030601020201020606050304050306020
(((2, 4), (2, 5)), 120, 171.16666666666666)
(((2, 5), (3, 5)), 688, 245.32558139534888)
(((4, 4), (5, 4)), 135, 178.83703703703702)
(((4, 4), (4, 5)), 96, 156.39583333333331)
(((4, 5), (5, 5)), 169, 191.39250493096648)
(((4, 5), (4, 6)), 400, 228.48928571428573)
(((5, 0), (6, 0)), 112, 166.99107142857142)
(((5, 1), (6, 1)), 121, 171.77134986225892)
(((5, 3), (5, 4)), 159, 187.91194968553458)
