500
2
2000
2
60202060503040104060306060104040106020301050205050105040106030103030504020206050601050102020401050
(((0, 3), (1, 3)), 67, 244.53233830845772)
(((1, 2), (1, 3)), 1508, 377.81126057850156)
(((1, 3), (2, 3)), 92, 269.3985507246375)
(((1, 3), (1, 4)), 35, 178.5142857142857)
(((3, 0), (3, 1)), 62, 236.93548387096774)
(((3, 4), (3, 5)), 35, 177.37142857142857)
(((4, 2), (4, 3)), 35, 178.57142857142858)
(((5, 1), (6, 1)), 60, 234.17777777777778)
(((5, 3), (6, 3)), 106, 278.58805031446536)
