500
2
2000
2
40405040504040304020103030501020605040306050401030405030305010502010301050202050201030304030506060
(((0, 2), (0, 3)), 111, 212.84684684684686)
(((0, 3), (0, 4)), 619, 481.85798907608313)
(((2, 1), (3, 1)), 54, 157.44444444444437)
(((2, 5), (2, 6)), 60, 167.19999999999996)
(((3, 0), (3, 1)), 109, 211.37614678899084)
(((3, 5), (3, 6)), 59, 165.16949152542367)
(((4, 3), (4, 4)), 87, 196.3448275862069)
(((4, 4), (5, 4)), 89, 198.01123595505615)
(((5, 4), (5, 5)), 812, 294.70595824536673)
