500
2
2000
2
40204030604030303050102050401060604020602010301050502060204050603020601040501040505010303040104040
(((2, 4), (2, 5)), 685, 229.09343065693432)
(((2, 5), (3, 5)), 127, 155.18110236220465)
(((2, 5), (2, 6)), 246, 189.8170731707317)
(((3, 0), (4, 0)), 224, 185.52232142857142)
(((3, 2), (4, 2)), 178, 174.34831460674152)
(((3, 2), (3, 3)), 146, 163.7123287671233)
(((3, 4), (3, 5)), 109, 145.4678899082569)
(((4, 0), (5, 0)), 149, 164.36241610738261)
(((5, 4), (6, 4)), 136, 159.2647058823529)
