500
2
2000
2
20603050103040106010402060506010205010205010305030606040504010405020304010403030606010403040206040
(((1, 1), (2, 1)), 28, 168.92857142857142)
(((2, 0), (2, 1)), 33, 190.6060606060606)
(((3, 5), (4, 5)), 29, 175.86206896551724)
(((4, 1), (5, 1)), 27, 168.14814814814815)
(((4, 2), (5, 2)), 43, 215.13953488372093)
(((5, 0), (5, 1)), 30, 180.33333333333334)
(((5, 1), (6, 1)), 34, 194.52941176470588)
(((5, 1), (5, 2)), 28, 169.78571428571428)
(((5, 2), (6, 2)), 1701, 663.3468454597217)
(((5, 2), (5, 3)), 47, 224.25531914893617)
