500
2
2000
2
50506010103010201050302040601020504010506030501050102030402060403040501040105050403040204030602030
(((0, 1), (0, 2)), 108, 189.19753086419752)
(((0, 2), (1, 2)), 77, 165.4025974025974)
(((0, 4), (1, 4)), 86, 173.55813953488374)
(((0, 5), (0, 6)), 79, 166.83544303797467)
(((2, 2), (3, 2)), 142, 205.39436619718302)
(((3, 1), (3, 2)), 981, 411.5447551089757)
(((3, 2), (3, 3)), 137, 203.17761557177616)
(((5, 0), (5, 1)), 292, 239.41324200913243)
(((5, 1), (6, 1)), 98, 182.74149659863946)
