500
2
2000
2
40204060202030505010304010301030501050106020305050104020504030403060302020404060103020306050302060
(((1, 1), (1, 2)), 50, 174.9466666666667)
(((1, 2), (2, 2)), 1610, 466.10174504584273)
(((2, 3), (3, 3)), 46, 166.34782608695653)
(((2, 4), (3, 4)), 79, 212.63291139240508)
(((3, 0), (4, 0)), 35, 140.34285714285718)
(((3, 4), (3, 5)), 38, 149.21052631578948)
(((4, 1), (5, 1)), 42, 157.26190476190482)
(((4, 1), (4, 2)), 63, 194.55555555555554)
(((4, 2), (5, 2)), 37, 144.32432432432432)
