500
2
2000
2
30505030401050605030501030205030202050104030605040102010305010504050302050305020601010201010203020
(((0, 2), (1, 2)), 63, 160.55555555555546)
(((0, 3), (1, 3)), 81, 179.44444444444449)
(((1, 4), (1, 5)), 108, 199.4351851851852)
(((2, 0), (2, 1)), 117, 204.50712250712252)
(((2, 4), (2, 5)), 210, 236.6095238095238)
(((2, 5), (3, 5)), 81, 179.27160493827162)
(((3, 1), (3, 2)), 73, 171.80821917808223)
(((3, 2), (4, 2)), 1171, 324.21884022609913)
(((3, 2), (3, 3)), 96, 191.3333333333333)
