500
2
2000
2
30304030403050203050501030105050403010102030406010605010603010304020203020205010102030401040205010
(((0, 2), (0, 3)), 67, 150.05970149253727)
(((1, 1), (2, 1)), 112, 188.75892857142853)
(((1, 2), (2, 2)), 734, 267.3758271701052)
(((1, 5), (2, 5)), 73, 158.34246575342462)
(((2, 3), (3, 3)), 210, 223.17936507936506)
(((2, 5), (2, 6)), 103, 183.53398058252426)
(((3, 0), (4, 0)), 80, 164.81250000000006)
(((3, 3), (3, 4)), 531, 292.8567841449198)
(((4, 0), (4, 1)), 90, 173.72222222222223)
