500
2
2000
2
50601050604050604060403020102030103060203060503010306060502010305040204060404010105040305030605020
(((0, 1), (1, 1)), 15, 190.66666666666666)
(((2, 2), (3, 2)), 12, 150.83333333333334)
(((2, 3), (3, 3)), 14, 175.71428571428572)
(((2, 3), (2, 4)), 14, 181.42857142857142)
(((2, 4), (3, 4)), 15, 187.66666666666666)
(((3, 2), (3, 3)), 1890, 805.8741958511819)
(((3, 3), (4, 3)), 16, 200.20833333333334)
(((3, 3), (3, 4)), 11, 135.45454545454547)
(((5, 0), (5, 1)), 13, 160.76923076923077)
