500
2
2000
2
20605030502010203020404020605060305020305010601010405010604060104010303020203030604010302020102060
(((0, 1), (1, 1)), 97, 171.5463917525773)
(((1, 4), (2, 4)), 112, 180.7946428571428)
(((2, 4), (2, 5)), 85, 162.75294117647056)
(((3, 0), (3, 1)), 163, 201.92638036809817)
(((3, 1), (4, 1)), 88, 165.06818181818184)
(((4, 0), (4, 1)), 1113, 332.03163907072224)
(((4, 1), (4, 2)), 109, 179.10091743119258)
(((5, 1), (6, 1)), 141, 194.19148936170214)
(((5, 3), (6, 3)), 92, 168.10869565217382)
