500
2
2000
2
40603010303020403020204020305020304050604060201020603050205010504050502060204010303040301010203050
(((0, 2), (0, 3)), 28, 173.21428571428572)
(((1, 1), (2, 1)), 27, 170.5185185185185)
(((1, 1), (1, 2)), 35, 199.6)
(((1, 4), (1, 5)), 25, 156.0)
(((3, 0), (3, 1)), 28, 171.90476190476187)
(((3, 5), (4, 5)), 30, 182.3)
(((4, 0), (4, 1)), 1662, 439.33712967738165)
(((4, 3), (4, 4)), 68, 263.29411764705884)
(((5, 2), (6, 2)), 53, 240.15094339622638)
(((5, 4), (6, 4)), 44, 224.45454545454547)
