500
2
2000
2
50602030502010402030105060201050304060205060505030506020606040106020501020201020501010403040104060
(((0, 2), (0, 3)), 43, 159.58139534883725)
(((1, 5), (1, 6)), 39, 148.56410256410257)
(((2, 4), (3, 4)), 35, 138.28571428571422)
(((2, 4), (2, 5)), 58, 188.18965517241378)
(((2, 5), (2, 6)), 56, 182.91071428571428)
(((3, 2), (3, 3)), 45, 164.15555555555557)
(((3, 3), (3, 4)), 1592, 419.5563781207604)
(((3, 4), (3, 5)), 51, 175.62745098039215)
(((3, 5), (3, 6)), 45, 164.66666666666669)
(((5, 3), (5, 4)), 36, 139.44444444444446)
