500
2
2000
2
60303020604060101020502060505010103030203040205020504020405030602040202040602030101040405050306040
(((0, 3), (1, 3)), 148, 188.08783783783784)
(((0, 5), (1, 5)), 123, 177.41463414634146)
(((1, 0), (2, 0)), 104, 166.96153846153845)
(((1, 2), (2, 2)), 155, 190.9032258064516)
(((2, 5), (2, 6)), 138, 184.72463768115952)
(((4, 0), (4, 1)), 196, 203.10204081632656)
(((4, 3), (4, 4)), 115, 173.5304347826087)
(((5, 0), (6, 0)), 867, 342.88416543087857)
(((5, 0), (5, 1)), 154, 190.80519480519487)
