500
2
2000
2
50105020605020404020102010302050302010606050405030504020101060302040204040202010104050301050501040
(((0, 3), (1, 3)), 105, 170.29841269841276)
(((1, 2), (1, 3)), 85, 155.22352941176473)
(((1, 3), (2, 3)), 212, 210.06603773584905)
(((1, 3), (1, 4)), 92, 160.82608695652172)
(((1, 4), (2, 4)), 147, 190.74829931972783)
(((2, 1), (3, 1)), 174, 200.29501915708815)
(((2, 2), (2, 3)), 122, 179.60655737704917)
(((4, 4), (5, 4)), 698, 254.64285714285705)
(((4, 5), (4, 6)), 161, 195.7950310559006)
(((5, 5), (5, 6)), 204, 208.35784313725483)
