500
2
2000
2
10406040303040205020305010503020603010403050403040101030406020304020504050102030202020601050406050
(((0, 3), (1, 3)), 65, 177.47692307692307)
(((0, 3), (0, 4)), 57, 167.40350877192984)
(((1, 1), (2, 1)), 58, 168.01724137931032)
(((1, 4), (1, 5)), 1360, 313.3567927170868)
(((2, 4), (2, 5)), 68, 182.61764705882354)
(((3, 0), (3, 1)), 59, 169.88135593220338)
(((3, 2), (3, 3)), 199, 252.10552763819092)
(((3, 3), (4, 3)), 51, 155.52941176470588)
(((5, 3), (5, 4)), 83, 198.78313253012047)
