500
2
2000
2
30602010103040104050403010605010401010201030202030204030301010604060505030605030604060305010401020
(((0, 5), (1, 5)), 81, 156.66666666666663)
(((1, 2), (2, 2)), 85, 160.0705882352941)
(((1, 4), (1, 5)), 85, 159.21568627450986)
(((1, 5), (2, 5)), 528, 247.50974025974034)
(((2, 1), (2, 2)), 135, 190.24691358024688)
(((2, 5), (2, 6)), 88, 161.62121212121212)
(((3, 3), (3, 4)), 81, 156.02469135802468)
(((4, 0), (4, 1)), 120, 183.16111111111107)
(((5, 0), (5, 1)), 797, 345.9985063033997)
