500
2
2000
2
50402010106060201040304010505050306030403040101020402060503020404010603050602010403030105040405010
(((0, 5), (1, 5)), 1754, 600.0693697851624)
(((1, 3), (2, 3)), 39, 249.4102564102564)
(((1, 4), (2, 4)), 17, 152.94117647058823)
(((2, 4), (2, 5)), 53, 278.4591194968553)
(((4, 0), (4, 1)), 25, 204.33333333333331)
(((4, 2), (4, 3)), 25, 204.0)
(((4, 5), (5, 5)), 22, 189.54545454545453)
(((5, 4), (6, 4)), 22, 186.13636363636363)
(((5, 4), (5, 5)), 27, 209.66666666666666)
(((5, 5), (6, 5)), 16, 146.25)
