500
2
2000
2
30606040301010403040503050405020102050105050404020102010205050606030506050204010605010105040506060
(((1, 4), (2, 4)), 50, 155.76000000000005)
(((1, 5), (2, 5)), 52, 158.40384615384616)
(((2, 5), (3, 5)), 127, 225.89238845144354)
(((3, 0), (4, 0)), 53, 162.11320754716982)
(((3, 0), (3, 1)), 90, 203.4000000000001)
(((4, 0), (4, 1)), 65, 179.46153846153845)
(((4, 4), (4, 5)), 174, 243.22988505747125)
(((4, 5), (5, 5)), 93, 205.83870967741936)
(((5, 1), (5, 2)), 1296, 338.87566137566154)
