500
2
2000
2
50204050105030401020606030304050204010506030101060205050405030104020205030401040603050203020101050
(((0, 1), (0, 2)), 57, 165.33333333333331)
(((0, 5), (1, 5)), 60, 170.28333333333336)
(((3, 0), (4, 0)), 77, 191.74025974025977)
(((3, 2), (3, 3)), 173, 243.64161849710982)
(((3, 3), (4, 3)), 65, 177.2923076923077)
(((3, 4), (4, 4)), 86, 199.52325581395348)
(((4, 0), (4, 1)), 1355, 321.56524336672015)
(((5, 1), (5, 2)), 62, 173.9516129032258)
(((5, 3), (6, 3)), 65, 177.90769230769232)
