500
2
2000
2
20205040604060301010604050401010404010305040204010202010304020506030203010403060604050301040503020
(((0, 4), (1, 4)), 56, 176.38095238095238)
(((0, 5), (1, 5)), 49, 164.16326530612247)
(((1, 0), (2, 0)), 44, 153.86363636363637)
(((1, 2), (2, 2)), 50, 165.80000000000007)
(((1, 3), (1, 4)), 1446, 399.6635710992556)
(((1, 4), (2, 4)), 59, 181.15254237288136)
(((3, 1), (4, 1)), 187, 254.55614973262033)
(((4, 1), (4, 2)), 61, 184.3770491803279)
(((4, 2), (5, 2)), 48, 163.20833333333334)
