500
2
2000
2
20206020403050502050605010202050506020306050206040202060304050304030104060306050202020405060605020
(((0, 2), (0, 3)), 45, 222.57777777777778)
(((1, 0), (2, 0)), 43, 218.7674418604651)
(((1, 0), (1, 1)), 28, 171.21428571428572)
(((1, 1), (2, 1)), 1544, 405.5994633604733)
(((2, 0), (3, 0)), 45, 223.9111111111111)
(((2, 0), (2, 1)), 40, 211.375)
(((2, 1), (3, 1)), 36, 199.62962962962968)
(((3, 2), (4, 2)), 119, 300.62184873949604)
(((3, 2), (3, 3)), 58, 248.1206896551724)
(((5, 0), (5, 1)), 42, 217.28571428571428)
