500
2
2000
2
40502010205030506060503010203030506020405050604010204060404033201010206060401020305010106040602040
(((0, 4), (1, 4)), 7, 148.57142857142858)
(((1, 3), (2, 3)), 13, 273.46153846153845)
(((3, 2), (4, 2)), 1900, 662.697397660819)
(((3, 3), (4, 3)), 10, 212.0)
(((4, 1), (4, 2)), 11, 243.7878787878788)
(((4, 2), (5, 2)), 11, 246.8181818181818)
(((4, 3), (5, 3)), 11, 231.8181818181818)
(((4, 3), (4, 4)), 17, 316.47058823529414)
(((4, 4), (5, 4)), 9, 200.0)
(((5, 2), (6, 2)), 11, 229.54545454545453)
