500
2
2000
2
50503030204060302060101050306010602050605050405060304050205050305060305010601030502030605040103050
(((1, 5), (2, 5)), 898, 367.293827553293)
(((1, 5), (1, 6)), 121, 180.36363636363635)
(((3, 0), (4, 0)), 82, 154.78048780487813)
(((3, 1), (4, 1)), 100, 168.61333333333332)
(((3, 2), (3, 3)), 165, 198.39797979797981)
(((4, 0), (5, 0)), 90, 161.19999999999996)
(((4, 0), (4, 1)), 96, 165.87500000000006)
(((4, 3), (4, 4)), 285, 223.28070175438586)
(((5, 2), (6, 2)), 163, 197.70961145194272)
