500
2
2000
2
30201060101040201040502010301040203010203020606050205020406040601010603020103030403020403030204060
(((0, 2), (0, 3)), 95, 185.37894736842102)
(((1, 4), (1, 5)), 63, 154.76190476190473)
(((2, 4), (2, 5)), 273, 240.6129426129426)
(((2, 5), (3, 5)), 109, 194.20183486238537)
(((3, 2), (4, 2)), 91, 182.08058608058602)
(((3, 3), (4, 3)), 113, 196.46902654867256)
(((5, 2), (6, 2)), 78, 171.12820512820514)
(((5, 4), (6, 4)), 1101, 349.50668223692725)
(((5, 5), (5, 6)), 77, 169.33766233766235)
