500
2
2000
2
30603020104030104030204030405020503060503050302040406030406060502040206040306050405050602020506040
(((0, 5), (1, 5)), 139, 209.53956834532374)
(((1, 5), (1, 6)), 68, 159.1470588235294)
(((2, 2), (2, 3)), 87, 177.70114942528724)
(((3, 4), (3, 5)), 1176, 289.8739471979267)
(((3, 5), (4, 5)), 76, 167.4868421052632)
(((4, 0), (5, 0)), 99, 187.84848484848493)
(((4, 3), (5, 3)), 166, 219.30722891566265)
(((4, 3), (4, 4)), 115, 197.46086956521737)
(((5, 0), (5, 1)), 74, 165.27027027027032)
