500
2
2000
2
30503010104060101040406010302010302030605010504020503030305060102040301030505060605010201050506030
(((0, 5), (1, 5)), 39, 235.51282051282053)
(((2, 0), (2, 1)), 21, 162.38095238095235)
(((2, 4), (3, 4)), 19, 149.47368421052633)
(((3, 0), (4, 0)), 26, 194.0128205128205)
(((3, 0), (3, 1)), 1713, 614.3220053929327)
(((4, 1), (5, 1)), 20, 159.25)
(((4, 3), (4, 4)), 23, 176.95652173913044)
(((5, 1), (5, 2)), 21, 162.46031746031747)
(((5, 2), (6, 2)), 52, 262.94230769230774)
(((5, 4), (6, 4)), 66, 282.6969696969697)
