500
2
2000
2
40306020304020606040105060605040202060502010604030503050301060406040106060301020606030106050102050
(((0, 2), (1, 2)), 126, 161.06349206349202)
(((1, 4), (2, 4)), 132, 164.14393939393946)
(((2, 1), (2, 2)), 138, 166.07246376811594)
(((2, 4), (2, 5)), 806, 235.53970223325055)
(((2, 5), (3, 5)), 104, 148.38461538461547)
(((4, 1), (4, 2)), 205, 187.62601626016257)
(((4, 2), (5, 2)), 130, 162.9384615384615)
(((4, 4), (5, 4)), 130, 163.03076923076918)
(((5, 1), (5, 2)), 105, 149.23809523809538)
(((5, 2), (6, 2)), 124, 160.04301075268816)
