500
2
2000
2
10305020304040501030201050606040306060103050205040601050401060605050102030301050105040301060305060
(((0, 1), (0, 2)), 1572, 472.4697534229971)
(((1, 4), (1, 5)), 29, 166.32183908045977)
(((3, 3), (3, 4)), 39, 203.07692307692307)
(((3, 4), (4, 4)), 50, 226.92)
(((4, 3), (4, 4)), 37, 194.24324324324326)
(((4, 5), (5, 5)), 62, 245.06451612903226)
(((4, 5), (4, 6)), 45, 216.41481481481483)
(((5, 4), (5, 5)), 43, 212.96124031007753)
(((5, 5), (6, 5)), 70, 253.88095238095244)
(((5, 5), (5, 6)), 53, 232.47169811320754)
