500
2
2000
2
10602050105060103010602050204050305020605030501010501040402050601020304030502060604030301060504050
(((2, 0), (3, 0)), 48, 165.39583333333331)
(((2, 5), (2, 6)), 55, 177.70909090909092)
(((3, 1), (3, 2)), 86, 212.90697674418604)
(((3, 4), (4, 4)), 54, 175.22839506172843)
(((3, 4), (3, 5)), 54, 174.4814814814815)
(((4, 1), (4, 2)), 1421, 456.8010232007407)
(((4, 3), (5, 3)), 52, 171.80769230769232)
(((5, 3), (6, 3)), 52, 171.76923076923077)
(((5, 3), (5, 4)), 178, 255.98127340823956)
