500
2
2000
2
50503050201040403060605050305050104050104040102050102040503030506060202060501010504020506030101050
(((0, 2), (0, 3)), 285, 426.4350877192984)
(((0, 3), (1, 3)), 27, 252.11111111111111)
(((0, 3), (0, 4)), 15, 164.00000000000003)
(((2, 3), (2, 4)), 43, 303.10852713178303)
(((3, 3), (3, 4)), 18, 187.22222222222223)
(((3, 4), (4, 4)), 25, 237.93333333333337)
(((5, 2), (5, 3)), 1544, 558.4689581791251)
(((5, 3), (6, 3)), 19, 201.49122807017542)
(((5, 5), (6, 5)), 24, 233.20833333333334)
