500
2
2000
2
10503040505060403020101060203040105020403010604020502050203060102050104020403060406020203040402020
(((1, 2), (2, 2)), 84, 172.3214285714285)
(((2, 4), (3, 4)), 990, 279.2820586820585)
(((3, 3), (3, 4)), 77, 165.42857142857147)
(((3, 4), (4, 4)), 102, 186.47058823529412)
(((3, 4), (3, 5)), 109, 190.88073394495413)
(((3, 5), (4, 5)), 131, 201.72519083969465)
(((4, 0), (4, 1)), 156, 212.67307692307693)
(((5, 0), (5, 1)), 87, 174.75862068965517)
(((5, 2), (6, 2)), 95, 180.82105263157902)
(((5, 5), (6, 5)), 169, 216.4852071005917)
