500
2
2000
2
20602040205060305050401050304060305030406020106010505010104020204040303040306020204060503020206030
(((1, 3), (2, 3)), 476, 261.62935174069634)
(((2, 3), (3, 3)), 210, 210.6206349206349)
(((2, 5), (3, 5)), 156, 195.27350427350424)
(((4, 3), (5, 3)), 253, 218.82843967626576)
(((4, 3), (4, 4)), 100, 167.8833333333333)
(((4, 4), (5, 4)), 75, 146.62666666666667)
(((5, 3), (6, 3)), 246, 217.62601626016257)
(((5, 3), (5, 4)), 320, 228.43720238095233)
(((5, 5), (6, 5)), 164, 198.26016260162595)
