500
2
2000
2
50204040106020602060405060101060101020502060506030601030103040604040503050305010406040503030401050
(((1, 1), (2, 1)), 40, 178.05)
(((2, 0), (2, 1)), 119, 269.5546218487393)
(((2, 1), (3, 1)), 1391, 361.8433124507883)
(((2, 1), (2, 2)), 51, 205.47058823529412)
(((3, 1), (4, 1)), 81, 242.67901234567907)
(((3, 3), (4, 3)), 50, 203.36)
(((4, 1), (5, 1)), 96, 255.75)
(((4, 1), (4, 2)), 37, 170.48648648648648)
(((4, 2), (4, 3)), 77, 239.1774891774892)
(((5, 4), (5, 5)), 58, 216.86206896551724)
