500
2
2000
2
40304060503050103040321020306020102040305030306010605020403020205030203050206030305030306010305010
(((1, 1), (2, 1)), 85, 216.82745098039214)
(((1, 5), (1, 6)), 146, 253.57990867579906)
(((2, 1), (3, 1)), 43, 156.62790697674416)
(((2, 5), (3, 5)), 53, 178.16981132075472)
(((3, 0), (4, 0)), 66, 196.5707070707071)
(((4, 0), (4, 1)), 48, 167.68750000000009)
(((4, 4), (4, 5)), 54, 178.68518518518516)
(((5, 0), (5, 1)), 1407, 332.5243848783301)
(((5, 1), (6, 1)), 98, 228.30612244897958)
