500
2
2000
2
50401030601010305020602050502060102030405020102020106010603060604060304040504010205020501050603020
(((1, 2), (1, 3)), 123, 174.47154471544715)
(((1, 3), (2, 3)), 224, 205.55357142857142)
(((1, 3), (1, 4)), 106, 165.26415094339615)
(((2, 2), (2, 3)), 107, 166.0373831775701)
(((3, 0), (3, 1)), 101, 161.98019801980197)
(((4, 0), (4, 1)), 114, 170.00208855472013)
(((4, 4), (4, 5)), 108, 166.68518518518525)
(((5, 2), (6, 2)), 141, 182.5342789598108)
(((5, 2), (5, 3)), 976, 353.38524590163917)
