500
2
2000
2
10403010305030604030106040404030505040105020606020406010602010106010203030603050301010302030102040
(((1, 4), (2, 4)), 138, 190.34782608695647)
(((1, 4), (1, 5)), 94, 166.39361702127658)
(((2, 0), (2, 1)), 131, 187.53435114503822)
(((2, 1), (2, 2)), 86, 160.23255813953492)
(((3, 0), (4, 0)), 79, 154.45569620253164)
(((3, 5), (3, 6)), 109, 176.69724770642208)
(((4, 4), (4, 5)), 1194, 358.2458456302676)
(((4, 5), (4, 6)), 93, 165.67741935483875)
(((5, 2), (5, 3)), 76, 151.31578947368425)
