500
2
2000
2
60103040302020304050304010105050303020503010601050201010104050206050202010501030101060506030604050
(((0, 2), (0, 3)), 108, 182.59259259259258)
(((0, 3), (1, 3)), 107, 182.19626168224298)
(((0, 3), (0, 4)), 98, 175.9285714285715)
(((1, 2), (2, 2)), 122, 190.38797814207646)
(((1, 2), (1, 3)), 116, 187.26724137931035)
(((3, 2), (3, 3)), 1117, 419.237853661309)
(((4, 3), (4, 4)), 191, 214.28621291448516)
(((5, 0), (5, 1)), 70, 152.12857142857143)
(((5, 3), (5, 4)), 71, 153.46478873239437)
