500
2
2000
2
10604060402030405030503040305020301060501020304010501050505010603040105010506060201040205030201020
(((2, 0), (3, 0)), 98, 176.36734693877543)
(((2, 5), (3, 5)), 135, 197.02222222222224)
(((3, 1), (3, 2)), 181, 212.5745856353591)
(((3, 5), (3, 6)), 66, 147.12121212121218)
(((4, 1), (5, 1)), 111, 185.21621621621622)
(((4, 1), (4, 2)), 111, 184.97297297297303)
(((4, 2), (5, 2)), 1056, 321.86972402597456)
(((4, 2), (4, 3)), 159, 205.65618448637318)
(((5, 5), (6, 5)), 83, 165.42168674698803)
