500
2
2000
2
10204060303040406050304020601030605050305040201020203050203050604050104060202050404050203040501050
(((0, 3), (1, 3)), 28, 171.42857142857142)
(((0, 5), (1, 5)), 1756, 634.2630120765077)
(((1, 2), (2, 2)), 28, 171.78571428571428)
(((2, 5), (2, 6)), 29, 176.89655172413794)
(((3, 1), (3, 2)), 29, 175.68965517241378)
(((4, 4), (5, 4)), 46, 221.84782608695653)
(((4, 4), (4, 5)), 26, 158.23076923076923)
(((4, 5), (4, 6)), 30, 179.06666666666666)
(((5, 1), (6, 1)), 28, 169.89285714285714)
