500
2
2000
2
30401050601050601010506040103030206050506040304030604040306040403060301010303060603040505030404050
(((1, 3), (2, 3)), 14, 243.57142857142858)
(((2, 3), (2, 4)), 23, 334.27536231884045)
(((2, 4), (3, 4)), 12, 221.66666666666666)
(((3, 0), (3, 1)), 13, 237.30769230769232)
(((3, 3), (4, 3)), 1870, 592.9430099312452)
(((3, 4), (3, 5)), 10, 182.0)
(((4, 0), (4, 1)), 18, 294.44444444444446)
(((4, 3), (4, 4)), 17, 286.27450980392155)
(((4, 4), (5, 4)), 9, 158.14814814814815)
(((4, 4), (4, 5)), 14, 252.14285714285714)
