500
2
2000
2
10402020102010404030301040205010305030404060301040202030206030605020305010405020505040102040304010
(((0, 4), (0, 5)), 36, 204.30555555555554)
(((1, 3), (2, 3)), 23, 145.82608695652175)
(((1, 4), (2, 4)), 1765, 464.36178335356766)
(((3, 1), (3, 2)), 27, 167.40740740740742)
(((3, 2), (4, 2)), 28, 174.28571428571428)
(((4, 4), (5, 4)), 39, 212.30769230769232)
(((4, 4), (4, 5)), 24, 150.41666666666669)
(((5, 3), (5, 4)), 23, 147.3913043478261)
(((5, 4), (5, 5)), 35, 199.77142857142857)
