500
2
2000
2
10106030204030306030401050403060203050404040204020105060405060302020606020504060404030605060601040
(((0, 1), (0, 2)), 71, 164.26760563380282)
(((0, 5), (0, 6)), 76, 169.26315789473682)
(((1, 2), (1, 3)), 74, 166.81081081081078)
(((1, 5), (1, 6)), 63, 155.19047619047626)
(((2, 2), (3, 2)), 91, 182.81318681318686)
(((2, 4), (2, 5)), 63, 155.11111111111114)
(((3, 3), (4, 3)), 1365, 428.45210186638775)
(((4, 1), (4, 2)), 103, 190.90291262135926)
(((5, 3), (5, 4)), 94, 184.9468085106383)
