500
2
2000
2
30404030203060601050405030104040103030101020603030102040602040105030501050202010502060306020204020
(((0, 3), (1, 3)), 17, 212.35294117647058)
(((1, 5), (2, 5)), 11, 145.45454545454547)
(((2, 2), (3, 2)), 12, 167.08333333333334)
(((2, 4), (3, 4)), 17, 218.8235294117647)
(((2, 4), (2, 5)), 14, 187.85714285714286)
(((4, 1), (5, 1)), 1874, 689.6763268452172)
(((4, 3), (4, 4)), 16, 213.02083333333331)
(((4, 5), (5, 5)), 15, 196.0)
(((5, 2), (6, 2)), 11, 150.0)
(((5, 4), (6, 4)), 13, 170.76923076923077)
