500
2
2000
2
20301010303060304030402010306020501030501050302010501060301020406050203030101020401010405060406010
(((0, 1), (1, 1)), 36, 153.19444444444446)
(((0, 3), (1, 3)), 94, 235.04255319148936)
(((2, 1), (2, 2)), 51, 187.45098039215685)
(((2, 5), (2, 6)), 1599, 352.9614193394675)
(((3, 0), (3, 1)), 38, 157.21052631578948)
(((3, 4), (3, 5)), 42, 167.21428571428572)
(((4, 0), (4, 1)), 56, 194.30952380952385)
(((4, 1), (5, 1)), 46, 176.82608695652175)
(((4, 3), (5, 3)), 38, 157.26315789473685)
