500
2
2000
2
20203030103060304030305010504010104020101050106050105020204030305060105010406060406060206010102010
(((0, 4), (0, 5)), 99, 184.04040404040416)
(((1, 0), (1, 1)), 70, 157.8714285714286)
(((2, 4), (3, 4)), 1186, 360.51852297973716)
(((3, 4), (4, 4)), 221, 229.09049773755657)
(((3, 4), (3, 5)), 87, 175.42528735632183)
(((4, 1), (5, 1)), 68, 156.4411764705883)
(((4, 5), (5, 5)), 106, 189.21698113207546)
(((5, 2), (6, 2)), 87, 174.89655172413802)
(((5, 5), (5, 6)), 76, 165.65789473684214)
