500
2
2000
2
30505040603010204040304050505030301060503040603020106040403020302020306010105010406020101060406010
(((0, 3), (1, 3)), 15, 205.66666666666666)
(((1, 2), (1, 3)), 15, 193.33333333333334)
(((1, 3), (2, 3)), 21, 256.19047619047626)
(((1, 3), (1, 4)), 14, 181.42857142857142)
(((3, 1), (3, 2)), 13, 173.84615384615384)
(((3, 2), (4, 2)), 1842, 541.2140271961129)
(((3, 3), (4, 3)), 10, 129.0)
(((4, 1), (4, 2)), 14, 186.71428571428572)
(((4, 2), (4, 3)), 26, 283.974358974359)
(((5, 3), (5, 4)), 30, 300.6333333333333)
