500
2
2000
2
20304060305010602050102010201020206040206040102050102010604040204030303010405050106060202030302030
(((0, 0), (0, 1)), 41, 140.65040650406502)
(((1, 1), (1, 2)), 101, 211.58085808580853)
(((1, 4), (1, 5)), 57, 168.59649122807016)
(((1, 5), (2, 5)), 57, 170.00000000000003)
(((1, 5), (1, 6)), 65, 180.43076923076924)
(((3, 0), (4, 0)), 45, 149.60000000000005)
(((3, 1), (3, 2)), 36, 126.66666666666667)
(((4, 2), (4, 3)), 49, 156.61224489795916)
(((4, 3), (4, 4)), 1549, 461.6957740272783)
