500
2
2000
2
10502030505010201030502010105030104060305020403030403010205040301060303040205060505010104010401020
(((0, 3), (1, 3)), 91, 160.06593406593402)
(((1, 0), (2, 0)), 88, 157.36363636363632)
(((2, 1), (3, 1)), 86, 156.02325581395354)
(((2, 1), (2, 2)), 112, 174.60714285714286)
(((3, 4), (3, 5)), 104, 169.09615384615378)
(((4, 1), (4, 2)), 98, 165.8163265306123)
(((4, 5), (4, 6)), 78, 148.74358974358975)
(((5, 1), (5, 2)), 110, 173.36363636363637)
(((5, 3), (5, 4)), 1233, 267.42080871277903)
