500
2
2000
2
40505040205050302240402030603010103040504020506020106040303020205060604020304020403020502050401030
(((1, 4), (2, 4)), 867, 390.6897347174163)
(((2, 3), (2, 4)), 148, 265.8310810810809)
(((3, 0), (4, 0)), 64, 206.92708333333334)
(((4, 1), (5, 1)), 455, 314.1509157509159)
(((4, 2), (5, 2)), 42, 167.14285714285714)
(((4, 4), (5, 4)), 64, 207.45833333333331)
(((5, 1), (6, 1)), 46, 174.3478260869565)
(((5, 1), (5, 2)), 180, 276.46851851851864)
(((5, 3), (5, 4)), 75, 219.49333333333334)
(((5, 4), (6, 4)), 59, 199.16949152542372)
