500
2
2000
2
10306010302040406040302020306010201020406020106040103010102020102030304040104020504010202050305020
(((0, 4), (0, 5)), 71, 150.95774647887322)
(((2, 4), (3, 4)), 150, 200.0133333333333)
(((2, 4), (2, 5)), 94, 171.31914893617028)
(((3, 0), (4, 0)), 98, 174.20408163265307)
(((3, 3), (3, 4)), 225, 219.7140740740741)
(((3, 4), (4, 4)), 1031, 655.349129370467)
(((4, 0), (4, 1)), 115, 184.87826086956522)
(((4, 3), (4, 4)), 133, 193.07017543859646)
(((5, 2), (5, 3)), 83, 162.67469879518072)
