500
2
2000
2
50203040505040606040504010506010203060201010603050403050206020306030206020106060505060404030105020
(((0, 3), (1, 3)), 63, 207.06349206349208)
(((1, 1), (2, 1)), 51, 189.29411764705878)
(((2, 0), (2, 1)), 109, 246.38532110091742)
(((2, 4), (3, 4)), 30, 135.99999999999997)
(((3, 0), (3, 1)), 51, 189.5686274509804)
(((3, 2), (3, 3)), 102, 242.09803921568636)
(((4, 0), (4, 1)), 41, 170.58536585365854)
(((4, 1), (5, 1)), 1513, 729.6586777032893)
(((5, 0), (5, 1)), 40, 166.70000000000002)
