500
2
2000
2
20506040104020604040501050304010204020404040604020301010303010106030101040406020604040103030401050
(((0, 3), (1, 3)), 21, 170.0)
(((1, 0), (2, 0)), 21, 167.23809523809527)
(((1, 0), (1, 1)), 18, 142.77777777777777)
(((1, 2), (1, 3)), 18, 149.99999999999997)
(((1, 3), (2, 3)), 19, 156.68421052631578)
(((2, 2), (2, 3)), 21, 163.8095238095238)
(((2, 3), (3, 3)), 18, 142.22222222222223)
(((2, 3), (2, 4)), 27, 197.88888888888889)
(((4, 4), (5, 4)), 1811, 466.8764604314024)
(((5, 0), (6, 0)), 26, 194.3846153846154)
