500
2
2000
2
50503050206020504010604050106010503020405030106040201020306060306030604030104030103010104030205060
(((0, 2), (0, 3)), 56, 168.94642857142853)
(((0, 4), (1, 4)), 56, 168.01785714285714)
(((1, 1), (1, 2)), 83, 199.50602409638546)
(((4, 3), (4, 4)), 45, 148.57777777777773)
(((4, 4), (5, 4)), 53, 162.35220125786174)
(((4, 5), (5, 5)), 54, 164.66666666666666)
(((5, 0), (5, 1)), 108, 217.32407407407408)
(((5, 2), (6, 2)), 70, 187.2285714285715)
(((5, 3), (5, 4)), 1475, 360.8900941619574)
