500
2
2000
2
50504020502030304020101050302030405010301050404020401050203010303060105040203060205010605010604040
(((0, 2), (1, 2)), 1745, 497.52077591303885)
(((1, 1), (1, 2)), 33, 221.4848484848485)
(((2, 1), (2, 2)), 22, 170.45454545454547)
(((2, 5), (3, 5)), 36, 231.3425925925926)
(((2, 5), (2, 6)), 29, 206.72413793103448)
(((3, 3), (3, 4)), 29, 203.75862068965517)
(((3, 4), (3, 5)), 23, 176.95652173913044)
(((3, 5), (3, 6)), 21, 159.52380952380952)
(((4, 1), (4, 2)), 24, 182.29166666666666)
(((4, 4), (4, 5)), 38, 236.8421052631579)
