500
2
2000
2
10605040405020305030402020401030102060102020506050401030506050402020505030605020605030601030101020
(((1, 1), (2, 1)), 67, 190.04477611940302)
(((1, 3), (2, 3)), 59, 179.40677966101697)
(((1, 5), (1, 6)), 48, 159.95833333333331)
(((3, 0), (3, 1)), 44, 151.22727272727272)
(((3, 1), (4, 1)), 55, 172.43636363636364)
(((3, 2), (4, 2)), 57, 176.70175438596488)
(((4, 1), (4, 2)), 1475, 348.6856497175137)
(((4, 2), (4, 3)), 85, 207.42352941176472)
(((5, 1), (5, 2)), 110, 225.64242424242425)
