500
2
2000
2
10504050601050206020203040502030505030506030602010503060506030402020506030404030202060501020605050
(((1, 0), (1, 1)), 64, 148.29687499999994)
(((1, 1), (2, 1)), 90, 174.10370370370376)
(((2, 4), (3, 4)), 1142, 380.82920523726114)
(((2, 4), (2, 5)), 84, 168.52380952380952)
(((2, 5), (2, 6)), 82, 167.9512195121951)
(((3, 4), (3, 5)), 68, 153.72058823529412)
(((4, 0), (4, 1)), 65, 149.6615384615384)
(((4, 4), (5, 4)), 100, 180.79999999999995)
(((5, 0), (5, 1)), 305, 237.61967213114758)
