500
2
2000
2
60605060105020305050405060105020102010401060301040106030601050206030402040306010205060602060106030
(((0, 2), (0, 3)), 137, 182.14598540145985)
(((0, 4), (1, 4)), 174, 195.15708812260533)
(((1, 0), (2, 0)), 92, 155.8913043478261)
(((1, 3), (1, 4)), 105, 165.25714285714287)
(((3, 4), (4, 4)), 185, 198.20900900900895)
(((4, 1), (4, 2)), 195, 201.24102564102563)
(((4, 3), (4, 4)), 932, 255.08001226241564)
(((4, 4), (5, 4)), 94, 157.43617021276594)
(((5, 0), (6, 0)), 86, 150.79069767441865)
