500
2
2000
2
20102060503050602060302060605040503030206020501050406010303040202060205020503050403020505010603030
(((0, 1), (1, 1)), 90, 171.08148148148146)
(((1, 5), (2, 5)), 266, 231.61654135338347)
(((2, 1), (3, 1)), 115, 188.11594202898553)
(((2, 2), (3, 2)), 935, 299.88130039894713)
(((2, 5), (2, 6)), 87, 168.71264367816093)
(((3, 5), (3, 6)), 110, 185.1272727272727)
(((4, 5), (4, 6)), 85, 167.50588235294117)
(((5, 0), (6, 0)), 145, 201.6597701149425)
(((5, 1), (6, 1)), 167, 209.52095808383237)
