500
2
2000
2
40501060502050204230603010404010605020603050203040302050205030602030205020505040102030304020204050
(((1, 0), (1, 1)), 995, 320.9259152907396)
(((1, 2), (2, 2)), 148, 246.786036036036)
(((2, 2), (2, 3)), 108, 226.77777777777777)
(((3, 4), (3, 5)), 131, 238.9592875318066)
(((3, 5), (4, 5)), 155, 249.21505376344084)
(((3, 5), (3, 6)), 116, 231.96264367816093)
(((4, 0), (4, 1)), 208, 264.69711538461564)
(((4, 1), (5, 1)), 78, 202.98717948717947)
(((5, 0), (5, 1)), 61, 182.18579234972677)
