500
2
2000
2
50501050601040206040403060101020602010106030604020204020506010502050301040206010405040602040105060
(((0, 2), (0, 3)), 107, 165.42056074766356)
(((1, 1), (2, 1)), 82, 147.19512195121956)
(((1, 5), (1, 6)), 192, 197.57291666666674)
(((2, 1), (2, 2)), 123, 174.1951219512195)
(((2, 3), (2, 4)), 1018, 318.9737580690433)
(((3, 5), (3, 6)), 95, 157.37894736842102)
(((4, 3), (4, 4)), 101, 161.78217821782167)
(((5, 1), (6, 1)), 193, 198.174438687392)
(((5, 5), (5, 6)), 89, 153.2808988764045)
