500
2
2000
2
40103060105060305030605020103040104010303060305020402020306030601020302040105020102030102040403050
(((1, 5), (2, 5)), 346, 176.87407101568942)
(((3, 0), (4, 0)), 179, 147.8063314711359)
(((3, 0), (3, 1)), 205, 154.5723577235773)
(((3, 1), (4, 1)), 178, 147.60754414125205)
(((3, 3), (3, 4)), 185, 149.72972972972968)
(((4, 5), (5, 5)), 223, 158.72175955584032)
(((4, 5), (4, 6)), 211, 155.8357030015799)
(((5, 4), (5, 5)), 315, 173.43068783068802)
(((5, 5), (5, 6)), 158, 141.40928270042193)
