500
2
2000
2
30501020403030206060403030406010502010605050306020204010104060302060504060401030105050104010401030
(((0, 3), (1, 3)), 68, 183.51470588235293)
(((0, 4), (1, 4)), 59, 173.77966101694915)
(((1, 0), (2, 0)), 69, 186.1159420289855)
(((1, 2), (2, 2)), 1445, 731.5388806502982)
(((2, 3), (2, 4)), 46, 151.52173913043478)
(((4, 1), (5, 1)), 85, 201.53725490196075)
(((4, 1), (4, 2)), 102, 213.31372549019605)
(((4, 3), (4, 4)), 54, 166.16666666666666)
(((5, 1), (5, 2)), 72, 188.45833333333334)
